HP-CONVERGENCE ANALYSIS
p = 3
Ne = 16, error =  2.69802e-05
Ne = 32, error =  3.87528e-06
Ne = 64, error =  8.90633e-08
Ne = 128, error =          nan
